"","chr","pos","ref","A1","C1","G1","T1","N1","A2","C2","G2","T2","N2","p.value","d.value","comparison"
"1","MT",72,"T",1,0,0,11,0,0,0,0,432,0,0.027027027027027,0.117851130197758,"recipient_vs_cfDNA"
"2","MT",89,"T",0,1,0,12,0,0,0,0,450,0,0.0280777537796976,0.108785658644084,"recipient_vs_cfDNA"
"3","MT",309,"C",0,6,0,3,0,0,171,1,3,0,0.00260161664107179,0.443175512802086,"recipient_vs_cfDNA"
"4","MT",369,"C",1,13,0,0,0,0,300,0,0,0,0.0445859872611465,0.101015254455221,"recipient_vs_cfDNA"
"5","MT",590,"A",13,0,0,2,0,314,0,0,3,0,0.0176448794207503,0.175178083751368,"recipient_vs_cfDNA"
"6","MT",635,"C",1,13,0,0,0,0,435,0,0,0,0.0311804008908686,0.101015254455221,"recipient_vs_cfDNA"
"7","MT",667,"T",0,0,1,9,0,0,0,0,455,0,0.021505376344086,0.14142135623731,"recipient_vs_cfDNA"
"8","MT",691,"A",7,1,0,0,0,445,0,0,1,0,0.0349699993192635,0.175212774587851,"recipient_vs_cfDNA"
"9","MT",1045,"G",0,0,11,1,0,0,0,477,0,0,0.0245398773006135,0.117851130197758,"recipient_vs_cfDNA"
"10","MT",1205,"T",1,0,0,12,0,0,2,0,444,0,0.0290466510478747,0.105757479364403,"recipient_vs_cfDNA"
"11","MT",1209,"C",0,11,1,0,0,0,449,0,0,0,0.0260303687635575,0.117851130197758,"recipient_vs_cfDNA"
"12","MT",1305,"A",19,0,1,1,0,515,0,0,0,0,0.00146463941972395,0.116642368703961,"recipient_vs_cfDNA"
"13","MT",1769,"C",1,12,0,0,0,1,528,0,0,0,0.0474384595971652,0.1061122870706,"recipient_vs_cfDNA"
"14","MT",1934,"T",0,1,0,13,0,0,0,0,506,0,0.0269230769230769,0.101015254455221,"recipient_vs_cfDNA"
"15","MT",1974,"A",13,0,0,1,0,484,0,0,0,0,0.0281124497991968,0.101015254455221,"recipient_vs_cfDNA"
"16","MT",2150,"T",1,0,0,12,0,1,0,0,501,0,0.0498961127271353,0.105968500153301,"recipient_vs_cfDNA"
"17","MT",2169,"A",13,0,1,0,0,474,0,0,0,0,0.0286885245901639,0.101015254455221,"recipient_vs_cfDNA"
"18","MT",2305,"T",1,0,0,9,0,1,0,0,514,0,0.0377680843329698,0.138675310485129,"recipient_vs_cfDNA"
"19","MT",2464,"G",0,0,6,1,0,0,1,555,0,0,0.0247340442343075,0.200770818498223,"recipient_vs_cfDNA"
"20","MT",2721,"G",0,0,24,2,0,0,0,524,1,0,0.00624705295795117,0.106091918525278,"recipient_vs_cfDNA"
"21","MT",2945,"A",17,0,0,2,0,598,0,0,0,0,0.000899829505988337,0.148864585512957,"recipient_vs_cfDNA"
"22","MT",3063,"G",0,2,21,0,0,0,0,510,2,0,0.00353967768705776,0.120308117340327,"recipient_vs_cfDNA"
"23","MT",3815,"A",9,1,0,0,0,523,0,0,0,0,0.0187617260787992,0.14142135623731,"recipient_vs_cfDNA"
"24","MT",3886,"A",12,1,0,0,0,543,0,0,1,0,0.0461749092646811,0.107509405703669,"recipient_vs_cfDNA"
"25","MT",3902,"A",11,1,0,0,0,567,1,0,0,0,0.0409862426299804,0.115361317587946,"recipient_vs_cfDNA"
"26","MT",4145,"T",1,0,0,9,0,1,0,0,431,0,0.0447871456274818,0.138147713731816,"recipient_vs_cfDNA"
"27","MT",4252,"C",0,11,1,0,0,2,441,0,0,0,0.0269985287927395,0.114792020541985,"recipient_vs_cfDNA"
"28","MT",4274,"T",1,0,0,11,0,0,0,0,458,0,0.025531914893617,0.117851130197758,"recipient_vs_cfDNA"
"29","MT",4408,"G",0,1,6,0,0,1,0,452,0,0,0.0302358624609101,0.200487797208057,"recipient_vs_cfDNA"
"30","MT",4428,"G",0,1,12,0,0,0,0,476,0,0,0.0265848670756646,0.108785658644084,"recipient_vs_cfDNA"
"31","MT",4774,"T",1,0,0,7,0,0,0,0,308,0,0.0253164556962025,0.176776695296637,"recipient_vs_cfDNA"
"32","MT",4776,"G",0,1,9,0,0,0,0,308,0,0,0.0314465408805032,0.14142135623731,"recipient_vs_cfDNA"
"33","MT",4863,"A",21,0,0,2,0,514,0,0,1,0,0.00511706488016399,0.120229046628088,"recipient_vs_cfDNA"
"34","MT",4988,"C",1,11,0,0,0,0,474,1,0,0,0.0487236038228468,0.116391047601757,"recipient_vs_cfDNA"
"35","MT",5007,"G",0,0,7,1,0,0,0,450,1,0,0.0345920027399606,0.173640966776963,"recipient_vs_cfDNA"
"36","MT",5103,"A",9,0,0,1,0,492,0,0,1,0,0.0394050042375231,0.138552768889697,"recipient_vs_cfDNA"
"37","MT",5645,"G",0,0,13,1,0,0,0,435,0,0,0.0311804008908686,0.101015254455221,"recipient_vs_cfDNA"
"38","MT",5683,"A",12,0,1,0,0,398,0,0,0,0,0.0316301703163017,0.108785658644084,"recipient_vs_cfDNA"
"39","MT",6516,"G",1,0,9,0,0,0,1,507,0,0,0.0382739744441853,0.140050166826386,"recipient_vs_cfDNA"
"40","MT",6562,"T",1,0,0,13,0,0,0,0,509,0,0.0267686424474187,0.101015254455221,"recipient_vs_cfDNA"
"41","MT",6751,"T",0,1,0,13,0,0,0,0,450,0,0.0301724137931035,0.101015254455221,"recipient_vs_cfDNA"
"42","MT",6883,"T",1,0,1,15,0,11,0,0,458,0,0.017967335025933,0.116548284708214,"recipient_vs_cfDNA"
"43","MT",6997,"T",1,0,0,13,0,0,0,0,483,0,0.0281690140845071,0.101015254455221,"recipient_vs_cfDNA"
"44","MT",7000,"T",1,0,0,11,0,0,0,0,474,0,0.0246913580246914,0.117851130197758,"recipient_vs_cfDNA"
"45","MT",7574,"C",1,13,0,0,0,0,463,0,0,0,0.029350104821803,0.101015254455221,"recipient_vs_cfDNA"
"46","MT",7585,"A",12,0,2,0,0,481,0,1,0,0,0.00218783762926378,0.199096455876473,"recipient_vs_cfDNA"
"133","MT",7717,"A",9,1,0,0,0,523,0,0,0,0,0.0187617260787992,0.14142135623731,"recipient_vs_cfDNA"
"47","MT",7726,"A",10,1,0,0,0,517,0,0,0,0,0.0208333333333333,0.128564869306645,"recipient_vs_cfDNA"
"48","MT",7777,"C",1,13,0,0,0,0,498,0,0,0,0.02734375,0.101015254455221,"recipient_vs_cfDNA"
"49","MT",7786,"C",1,13,0,0,0,0,500,0,0,0,0.0272373540856031,0.101015254455221,"recipient_vs_cfDNA"
"50","MT",7928,"G",0,0,9,1,0,0,3,497,1,0,0.0397867298793604,0.134564398191529,"recipient_vs_cfDNA"
"51","MT",7949,"A",10,0,1,0,0,491,0,0,0,0,0.0219123505976095,0.128564869306645,"recipient_vs_cfDNA"
"52","MT",8100,"C",1,12,0,0,0,1,540,0,0,0,0.046422206409411,0.106171585515853,"recipient_vs_cfDNA"
"53","MT",8233,"A",13,0,0,1,0,401,0,0,0,0,0.0337349397590361,0.101015254455221,"recipient_vs_cfDNA"
"54","MT",8253,"C",2,10,0,0,0,0,417,0,0,0,0.000718907260963336,0.235702260395516,"recipient_vs_cfDNA"
"55","MT",8279,"T",1,0,0,8,0,1,0,4,399,0,0.045557723651884,0.147133802046496,"recipient_vs_cfDNA"
"56","MT",8298,"T",0,0,1,6,0,4,0,1,399,0,0.0352492812141099,0.191912409115662,"recipient_vs_cfDNA"
"57","MT",8332,"A",10,0,0,1,0,435,0,0,1,0,0.0486652421223704,0.125321260218633,"recipient_vs_cfDNA"
"58","MT",8371,"C",0,13,1,0,0,0,475,0,0,0,0.0286298568507157,0.101015254455221,"recipient_vs_cfDNA"
"59","MT",8446,"A",7,0,0,1,0,488,0,0,0,0,0.0161290322580645,0.176776695296637,"recipient_vs_cfDNA"
"60","MT",8452,"A",6,0,1,0,0,482,0,0,0,0,0.0143149284253579,0.202030508910442,"recipient_vs_cfDNA"
"61","MT",8490,"T",1,0,0,8,0,0,0,1,461,0,0.037891313186068,0.15562688611847,"recipient_vs_cfDNA"
"62","MT",8506,"T",1,0,0,7,0,1,0,0,462,0,0.0337173058680038,0.173722238358466,"recipient_vs_cfDNA"
"63","MT",8519,"G",0,1,11,0,0,0,0,452,0,0,0.0258620689655172,0.117851130197758,"recipient_vs_cfDNA"
"64","MT",8758,"T",1,0,0,10,0,0,1,0,456,0,0.04650524350736,0.127045859103051,"recipient_vs_cfDNA"
"65","MT",9844,"C",0,10,1,0,0,0,528,0,0,0,0.0204081632653061,0.128564869306645,"recipient_vs_cfDNA"
"66","MT",10041,"A",10,0,1,0,0,530,0,0,0,0,0.0203327171903882,0.128564869306645,"recipient_vs_cfDNA"
"67","MT",10071,"T",1,0,0,12,0,0,0,0,562,0,0.0226086956521739,0.108785658644084,"recipient_vs_cfDNA"
"68","MT",10076,"T",1,0,0,11,0,0,0,0,569,0,0.0206540447504303,0.117851130197758,"recipient_vs_cfDNA"
"69","MT",10254,"G",0,0,12,1,0,0,0,497,0,0,0.0254901960784314,0.108785658644084,"recipient_vs_cfDNA"
"70","MT",10509,"A",6,1,0,0,0,565,0,0,1,0,0.024304665665917,0.200792863487264,"recipient_vs_cfDNA"
"71","MT",10545,"C",0,7,1,0,0,2,569,0,0,0,0.0139825187133356,0.174352746031797,"recipient_vs_cfDNA"
"72","MT",10878,"T",0,2,0,10,0,0,0,0,477,0,0.000553152971940059,0.235702260395516,"recipient_vs_cfDNA"
"73","MT",10884,"T",0,1,0,11,0,1,0,0,481,0,0.0480409949823879,0.116411838272495,"recipient_vs_cfDNA"
"74","MT",10952,"C",1,9,0,0,0,0,273,0,0,0,0.0353356890459364,0.14142135623731,"recipient_vs_cfDNA"
"75","MT",11015,"A",5,0,0,1,0,438,2,0,0,0,0.0136027093753686,0.232554781405272,"recipient_vs_cfDNA"
"76","MT",11719,"G",2,0,25,0,0,0,1,486,1,0,0.0052978594748197,0.101940998613751,"recipient_vs_cfDNA"
"77","MT",11806,"A",9,1,0,0,0,516,0,0,0,0,0.0190114068441065,0.14142135623731,"recipient_vs_cfDNA"
"78","MT",11873,"A",7,0,0,1,0,466,0,0,1,0,0.0334354874528092,0.173748400730527,"recipient_vs_cfDNA"
"79","MT",11928,"A",8,0,0,1,0,468,0,0,0,0,0.0188679245283019,0.157134840263677,"recipient_vs_cfDNA"
"80","MT",11932,"C",0,8,1,0,0,1,467,0,0,0,0.0374187410813522,0.155645930354481,"recipient_vs_cfDNA"
"81","MT",11938,"C",1,9,0,0,0,0,467,0,0,0,0.0209643605870021,0.14142135623731,"recipient_vs_cfDNA"
"82","MT",11940,"T",1,0,0,9,0,0,0,0,465,0,0.0210526315789474,0.14142135623731,"recipient_vs_cfDNA"
"83","MT",12080,"C",1,13,0,0,0,0,470,0,0,0,0.0289256198347107,0.101015254455221,"recipient_vs_cfDNA"
"84","MT",12132,"C",1,10,0,0,0,1,485,0,0,0,0.0438193678198221,0.125654964857318,"recipient_vs_cfDNA"
"85","MT",12151,"A",8,1,0,0,0,504,0,0,1,0,0.0347463990716246,0.155753511641588,"recipient_vs_cfDNA"
"86","MT",12201,"T",1,0,0,9,0,0,0,0,582,0,0.0168918918918919,0.14142135623731,"recipient_vs_cfDNA"
"87","MT",12203,"T",1,0,0,9,0,1,0,0,581,0,0.0335265468514199,0.138991436027046,"recipient_vs_cfDNA"
"88","MT",12240,"C",1,7,0,0,0,0,573,0,0,0,0.0137693631669535,0.176776695296637,"recipient_vs_cfDNA"
"89","MT",12385,"C",1,12,1,0,0,5,497,5,0,0,0.0379735781204648,0.150806849478198,"recipient_vs_cfDNA"
"90","MT",12395,"T",2,0,0,17,0,2,0,4,492,0,0.0146709062441843,0.137856877889908,"recipient_vs_cfDNA"
"91","MT",12410,"A",15,0,1,1,0,501,5,3,3,0,0.033330540051861,0.122282592779558,"recipient_vs_cfDNA"
"92","MT",12644,"T",1,0,0,10,0,0,0,0,576,0,0.0187393526405451,0.128564869306645,"recipient_vs_cfDNA"
"93","MT",12825,"T",2,0,0,14,0,0,0,0,508,0,0.000875746208748704,0.176776695296637,"recipient_vs_cfDNA"
"94","MT",13057,"A",13,0,0,1,0,400,44,0,1,0,0.0443115399559701,0.124275505298193,"recipient_vs_cfDNA"
"95","MT",13062,"A",11,0,2,0,0,426,7,1,0,0,0.00397811304434792,0.20386711098217,"recipient_vs_cfDNA"
"96","MT",13095,"T",0,1,0,12,0,3,0,0,438,0,0.030818459688951,0.104308681709134,"recipient_vs_cfDNA"
"97","MT",13105,"A",12,0,1,0,0,442,0,0,0,0,0.0285714285714286,0.108785658644084,"recipient_vs_cfDNA"
"98","MT",13114,"C",0,11,1,0,0,0,443,0,0,0,0.0263736263736264,0.117851130197758,"recipient_vs_cfDNA"
"99","MT",13138,"G",0,0,8,1,0,0,0,440,1,0,0.0396436525612472,0.153928006788908,"recipient_vs_cfDNA"
"100","MT",13752,"T",1,0,0,10,0,0,0,3,356,0,0.032049118858311,0.123082156902298,"recipient_vs_cfDNA"
"101","MT",13753,"T",1,0,0,10,0,0,0,0,353,0,0.0302197802197802,0.128564869306645,"recipient_vs_cfDNA"
"102","MT",13863,"C",1,8,0,0,0,1,497,0,0,0,0.0352223027808312,0.154295053993852,"recipient_vs_cfDNA"
"103","MT",13892,"C",0,13,1,0,0,0,509,0,0,0,0.0267686424474187,0.101015254455221,"recipient_vs_cfDNA"
"104","MT",14004,"C",1,12,0,0,0,0,506,0,1,0,0.0494219653179093,0.10741813652221,"recipient_vs_cfDNA"
"105","MT",14148,"A",11,0,0,1,0,499,0,1,0,0,0.0463704745597182,0.116462678809804,"recipient_vs_cfDNA"
"106","MT",14287,"T",0,1,0,6,0,0,1,4,430,0,0.0327031471410277,0.192606847795266,"recipient_vs_cfDNA"
"107","MT",14291,"T",0,0,1,8,0,1,0,0,438,0,0.0398190316395076,0.155549139371341,"recipient_vs_cfDNA"
"108","MT",14488,"T",0,0,1,8,0,0,0,0,442,0,0.0199556541019956,0.157134840263677,"recipient_vs_cfDNA"
"109","MT",14494,"T",1,0,0,8,0,1,0,5,431,0,0.0433999323232712,0.1464800134869,"recipient_vs_cfDNA"
"110","MT",14521,"C",1,9,0,0,0,1,413,0,0,0,0.0466680048173424,0.138005381448969,"recipient_vs_cfDNA"
"111","MT",14540,"T",1,0,0,7,0,0,0,0,400,0,0.0196078431372549,0.176776695296637,"recipient_vs_cfDNA"
"112","MT",14550,"T",1,0,0,7,0,0,0,0,412,0,0.019047619047619,0.176776695296637,"recipient_vs_cfDNA"
"113","MT",14560,"G",0,1,9,0,0,0,0,412,0,0,0.023696682464455,0.14142135623731,"recipient_vs_cfDNA"
"114","MT",14613,"A",9,1,0,0,0,440,0,0,0,0,0.0222222222222222,0.14142135623731,"recipient_vs_cfDNA"
"115","MT",14800,"C",0,19,0,3,0,0,479,0,3,0,0.00133173782851563,0.18404514485806,"recipient_vs_cfDNA"
"116","MT",14950,"C",0,13,0,2,0,0,507,1,0,0,0.000769213863431793,0.187185392560033,"recipient_vs_cfDNA"
"117","MT",14956,"T",0,2,0,12,0,1,0,0,514,0,0.000651601076931818,0.200671578149674,"recipient_vs_cfDNA"
"118","MT",14969,"T",0,1,0,12,0,3,0,0,523,0,0.0256779440882222,0.104985370534236,"recipient_vs_cfDNA"
"119","MT",15210,"A",7,0,0,1,0,540,0,0,1,0,0.0289577599617087,0.174162622168406,"recipient_vs_cfDNA"
"120","MT",15318,"C",1,11,0,0,0,0,528,0,0,0,0.0222222222222222,0.117851130197758,"recipient_vs_cfDNA"
"121","MT",15320,"C",1,12,0,0,0,1,533,0,0,0,0.0470096630974144,0.10613731863964,"recipient_vs_cfDNA"
"122","MT",15321,"T",2,0,0,11,0,4,0,0,527,0,0.00750178778237415,0.206918107778767,"recipient_vs_cfDNA"
"123","MT",15342,"T",1,0,0,13,0,0,0,0,523,0,0.0260707635009311,0.101015254455221,"recipient_vs_cfDNA"
"124","MT",15392,"G",2,0,8,0,0,0,2,519,1,0,0.000655852176893827,0.27884140400743,"recipient_vs_cfDNA"
"125","MT",15419,"A",13,0,0,1,0,498,0,0,0,0,0.02734375,0.101015254455221,"recipient_vs_cfDNA"
"126","MT",15473,"A",7,1,0,0,0,524,0,0,0,0,0.0150375939849624,0.176776695296637,"recipient_vs_cfDNA"
"127","MT",15484,"A",6,0,0,1,0,502,0,0,2,0,0.0406139924549091,0.196418550329597,"recipient_vs_cfDNA"
"128","MT",15503,"C",0,6,1,0,0,1,491,0,0,0,0.0278870995002013,0.200608745361317,"recipient_vs_cfDNA"
"129","MT",15854,"T",1,0,0,9,0,0,0,0,466,0,0.0210084033613445,0.14142135623731,"recipient_vs_cfDNA"
"130","MT",15952,"C",0,8,1,0,0,0,501,0,0,0,0.0176470588235294,0.157134840263677,"recipient_vs_cfDNA"
"131","MT",16240,"A",7,0,0,1,0,418,0,1,0,0,0.0371628679178931,0.17511348703212,"recipient_vs_cfDNA"
"132","MT",16381,"T",1,0,0,9,0,0,0,1,511,0,0.0379832476595887,0.140060716814285,"recipient_vs_cfDNA"
"134","MT",72,"T",1,0,0,11,0,0,0,0,432,0,0.027027027027027,0.117851130197758,"donor_vs_cfDNA"
"210","MT",89,"T",0,1,0,12,0,0,0,0,450,0,0.0280777537796976,0.108785658644084,"donor_vs_cfDNA"
"310","MT",309,"C",0,6,0,3,0,0,171,1,3,0,0.00260161664107179,0.443175512802086,"donor_vs_cfDNA"
"410","MT",369,"C",1,13,0,0,0,0,300,0,0,0,0.0445859872611465,0.101015254455221,"donor_vs_cfDNA"
"510","MT",590,"A",13,0,0,2,0,314,0,0,3,0,0.0176448794207503,0.175178083751368,"donor_vs_cfDNA"
"610","MT",635,"C",1,13,0,0,0,0,435,0,0,0,0.0311804008908686,0.101015254455221,"donor_vs_cfDNA"
"710","MT",667,"T",0,0,1,9,0,0,0,0,455,0,0.021505376344086,0.14142135623731,"donor_vs_cfDNA"
"810","MT",691,"A",7,1,0,0,0,445,0,0,1,0,0.0349699993192635,0.175212774587851,"donor_vs_cfDNA"
"910","MT",1045,"G",0,0,11,1,0,0,0,477,0,0,0.0245398773006135,0.117851130197758,"donor_vs_cfDNA"
"1010","MT",1205,"T",1,0,0,12,0,0,2,0,444,0,0.0290466510478747,0.105757479364403,"donor_vs_cfDNA"
"1110","MT",1209,"C",0,11,1,0,0,0,449,0,0,0,0.0260303687635575,0.117851130197758,"donor_vs_cfDNA"
"1210","MT",1305,"A",19,0,1,1,0,515,0,0,0,0,0.00146463941972395,0.116642368703961,"donor_vs_cfDNA"
"135","MT",1769,"C",1,12,0,0,0,1,528,0,0,0,0.0474384595971652,0.1061122870706,"donor_vs_cfDNA"
"141","MT",1934,"T",0,1,0,13,0,0,0,0,506,0,0.0269230769230769,0.101015254455221,"donor_vs_cfDNA"
"151","MT",1974,"A",13,0,0,1,0,484,0,0,0,0,0.0281124497991968,0.101015254455221,"donor_vs_cfDNA"
"161","MT",2150,"T",1,0,0,12,0,1,0,0,501,0,0.0498961127271353,0.105968500153301,"donor_vs_cfDNA"
"171","MT",2169,"A",13,0,1,0,0,474,0,0,0,0,0.0286885245901639,0.101015254455221,"donor_vs_cfDNA"
"181","MT",2305,"T",1,0,0,9,0,1,0,0,514,0,0.0377680843329698,0.138675310485129,"donor_vs_cfDNA"
"191","MT",2464,"G",0,0,6,1,0,0,1,555,0,0,0.0247340442343075,0.200770818498223,"donor_vs_cfDNA"
"201","MT",2721,"G",0,0,24,2,0,0,0,524,1,0,0.00624705295795117,0.106091918525278,"donor_vs_cfDNA"
"211","MT",2945,"A",17,0,0,2,0,598,0,0,0,0,0.000899829505988337,0.148864585512957,"donor_vs_cfDNA"
"221","MT",3063,"G",0,2,21,0,0,0,0,510,2,0,0.00353967768705776,0.120308117340327,"donor_vs_cfDNA"
"231","MT",3815,"A",9,1,0,0,0,523,0,0,0,0,0.0187617260787992,0.14142135623731,"donor_vs_cfDNA"
"241","MT",3886,"A",12,1,0,0,0,543,0,0,1,0,0.0461749092646811,0.107509405703669,"donor_vs_cfDNA"
"251","MT",3902,"A",11,1,0,0,0,567,1,0,0,0,0.0409862426299804,0.115361317587946,"donor_vs_cfDNA"
"261","MT",4145,"T",1,0,0,9,0,1,0,0,431,0,0.0447871456274818,0.138147713731816,"donor_vs_cfDNA"
"271","MT",4252,"C",0,11,1,0,0,2,441,0,0,0,0.0269985287927395,0.114792020541985,"donor_vs_cfDNA"
"281","MT",4274,"T",1,0,0,11,0,0,0,0,458,0,0.025531914893617,0.117851130197758,"donor_vs_cfDNA"
"291","MT",4408,"G",0,1,6,0,0,1,0,452,0,0,0.0302358624609101,0.200487797208057,"donor_vs_cfDNA"
"301","MT",4428,"G",0,1,12,0,0,0,0,476,0,0,0.0265848670756646,0.108785658644084,"donor_vs_cfDNA"
"311","MT",4774,"T",1,0,0,7,0,0,0,0,308,0,0.0253164556962025,0.176776695296637,"donor_vs_cfDNA"
"321","MT",4776,"G",0,1,9,0,0,0,0,308,0,0,0.0314465408805032,0.14142135623731,"donor_vs_cfDNA"
"331","MT",4863,"A",21,0,0,2,0,514,0,0,1,0,0.00511706488016399,0.120229046628088,"donor_vs_cfDNA"
"341","MT",4988,"C",1,11,0,0,0,0,474,1,0,0,0.0487236038228468,0.116391047601757,"donor_vs_cfDNA"
"351","MT",5007,"G",0,0,7,1,0,0,0,450,1,0,0.0345920027399606,0.173640966776963,"donor_vs_cfDNA"
"361","MT",5103,"A",9,0,0,1,0,492,0,0,1,0,0.0394050042375231,0.138552768889697,"donor_vs_cfDNA"
"371","MT",5645,"G",0,0,13,1,0,0,0,435,0,0,0.0311804008908686,0.101015254455221,"donor_vs_cfDNA"
"381","MT",5683,"A",12,0,1,0,0,398,0,0,0,0,0.0316301703163017,0.108785658644084,"donor_vs_cfDNA"
"391","MT",6516,"G",1,0,9,0,0,0,1,507,0,0,0.0382739744441853,0.140050166826386,"donor_vs_cfDNA"
"401","MT",6562,"T",1,0,0,13,0,0,0,0,509,0,0.0267686424474187,0.101015254455221,"donor_vs_cfDNA"
"411","MT",6751,"T",0,1,0,13,0,0,0,0,450,0,0.0301724137931035,0.101015254455221,"donor_vs_cfDNA"
"421","MT",6883,"T",1,0,1,15,0,11,0,0,458,0,0.017967335025933,0.116548284708214,"donor_vs_cfDNA"
"431","MT",6997,"T",1,0,0,13,0,0,0,0,483,0,0.0281690140845071,0.101015254455221,"donor_vs_cfDNA"
"441","MT",7000,"T",1,0,0,11,0,0,0,0,474,0,0.0246913580246914,0.117851130197758,"donor_vs_cfDNA"
"451","MT",7574,"C",1,13,0,0,0,0,463,0,0,0,0.029350104821803,0.101015254455221,"donor_vs_cfDNA"
"461","MT",7585,"A",12,0,2,0,0,481,0,1,0,0,0.00218783762926378,0.199096455876473,"donor_vs_cfDNA"
"1331","MT",7717,"A",9,1,0,0,0,523,0,0,0,0,0.0187617260787992,0.14142135623731,"donor_vs_cfDNA"
"471","MT",7726,"A",10,1,0,0,0,517,0,0,0,0,0.0208333333333333,0.128564869306645,"donor_vs_cfDNA"
"481","MT",7777,"C",1,13,0,0,0,0,498,0,0,0,0.02734375,0.101015254455221,"donor_vs_cfDNA"
"491","MT",7786,"C",1,13,0,0,0,0,500,0,0,0,0.0272373540856031,0.101015254455221,"donor_vs_cfDNA"
"501","MT",7928,"G",0,0,9,1,0,0,3,497,1,0,0.0397867298793604,0.134564398191529,"donor_vs_cfDNA"
"511","MT",7949,"A",10,0,1,0,0,491,0,0,0,0,0.0219123505976095,0.128564869306645,"donor_vs_cfDNA"
"521","MT",8100,"C",1,12,0,0,0,1,540,0,0,0,0.046422206409411,0.106171585515853,"donor_vs_cfDNA"
"531","MT",8233,"A",13,0,0,1,0,401,0,0,0,0,0.0337349397590361,0.101015254455221,"donor_vs_cfDNA"
"541","MT",8253,"C",2,10,0,0,0,0,417,0,0,0,0.000718907260963336,0.235702260395516,"donor_vs_cfDNA"
"551","MT",8279,"T",1,0,0,8,0,1,0,4,399,0,0.045557723651884,0.147133802046496,"donor_vs_cfDNA"
"561","MT",8298,"T",0,0,1,6,0,4,0,1,399,0,0.0352492812141099,0.191912409115662,"donor_vs_cfDNA"
"571","MT",8332,"A",10,0,0,1,0,435,0,0,1,0,0.0486652421223704,0.125321260218633,"donor_vs_cfDNA"
"581","MT",8371,"C",0,13,1,0,0,0,475,0,0,0,0.0286298568507157,0.101015254455221,"donor_vs_cfDNA"
"591","MT",8446,"A",7,0,0,1,0,488,0,0,0,0,0.0161290322580645,0.176776695296637,"donor_vs_cfDNA"
"601","MT",8452,"A",6,0,1,0,0,482,0,0,0,0,0.0143149284253579,0.202030508910442,"donor_vs_cfDNA"
"611","MT",8490,"T",1,0,0,8,0,0,0,1,461,0,0.037891313186068,0.15562688611847,"donor_vs_cfDNA"
"621","MT",8506,"T",1,0,0,7,0,1,0,0,462,0,0.0337173058680038,0.173722238358466,"donor_vs_cfDNA"
"631","MT",8519,"G",0,1,11,0,0,0,0,452,0,0,0.0258620689655172,0.117851130197758,"donor_vs_cfDNA"
"641","MT",8758,"T",1,0,0,10,0,0,1,0,456,0,0.04650524350736,0.127045859103051,"donor_vs_cfDNA"
"651","MT",9844,"C",0,10,1,0,0,0,528,0,0,0,0.0204081632653061,0.128564869306645,"donor_vs_cfDNA"
"661","MT",10041,"A",10,0,1,0,0,530,0,0,0,0,0.0203327171903882,0.128564869306645,"donor_vs_cfDNA"
"671","MT",10071,"T",1,0,0,12,0,0,0,0,562,0,0.0226086956521739,0.108785658644084,"donor_vs_cfDNA"
"681","MT",10076,"T",1,0,0,11,0,0,0,0,569,0,0.0206540447504303,0.117851130197758,"donor_vs_cfDNA"
"691","MT",10254,"G",0,0,12,1,0,0,0,497,0,0,0.0254901960784314,0.108785658644084,"donor_vs_cfDNA"
"701","MT",10509,"A",6,1,0,0,0,565,0,0,1,0,0.024304665665917,0.200792863487264,"donor_vs_cfDNA"
"711","MT",10545,"C",0,7,1,0,0,2,569,0,0,0,0.0139825187133356,0.174352746031797,"donor_vs_cfDNA"
"721","MT",10878,"T",0,2,0,10,0,0,0,0,477,0,0.000553152971940059,0.235702260395516,"donor_vs_cfDNA"
"731","MT",10884,"T",0,1,0,11,0,1,0,0,481,0,0.0480409949823879,0.116411838272495,"donor_vs_cfDNA"
"741","MT",10952,"C",1,9,0,0,0,0,273,0,0,0,0.0353356890459364,0.14142135623731,"donor_vs_cfDNA"
"751","MT",11015,"A",5,0,0,1,0,438,2,0,0,0,0.0136027093753686,0.232554781405272,"donor_vs_cfDNA"
"761","MT",11719,"G",2,0,25,0,0,0,1,486,1,0,0.0052978594748197,0.101940998613751,"donor_vs_cfDNA"
"771","MT",11806,"A",9,1,0,0,0,516,0,0,0,0,0.0190114068441065,0.14142135623731,"donor_vs_cfDNA"
"781","MT",11873,"A",7,0,0,1,0,466,0,0,1,0,0.0334354874528092,0.173748400730527,"donor_vs_cfDNA"
"791","MT",11928,"A",8,0,0,1,0,468,0,0,0,0,0.0188679245283019,0.157134840263677,"donor_vs_cfDNA"
"801","MT",11932,"C",0,8,1,0,0,1,467,0,0,0,0.0374187410813522,0.155645930354481,"donor_vs_cfDNA"
"811","MT",11938,"C",1,9,0,0,0,0,467,0,0,0,0.0209643605870021,0.14142135623731,"donor_vs_cfDNA"
"821","MT",11940,"T",1,0,0,9,0,0,0,0,465,0,0.0210526315789474,0.14142135623731,"donor_vs_cfDNA"
"831","MT",12080,"C",1,13,0,0,0,0,470,0,0,0,0.0289256198347107,0.101015254455221,"donor_vs_cfDNA"
"841","MT",12132,"C",1,10,0,0,0,1,485,0,0,0,0.0438193678198221,0.125654964857318,"donor_vs_cfDNA"
"851","MT",12151,"A",8,1,0,0,0,504,0,0,1,0,0.0347463990716246,0.155753511641588,"donor_vs_cfDNA"
"861","MT",12201,"T",1,0,0,9,0,0,0,0,582,0,0.0168918918918919,0.14142135623731,"donor_vs_cfDNA"
"871","MT",12203,"T",1,0,0,9,0,1,0,0,581,0,0.0335265468514199,0.138991436027046,"donor_vs_cfDNA"
"881","MT",12240,"C",1,7,0,0,0,0,573,0,0,0,0.0137693631669535,0.176776695296637,"donor_vs_cfDNA"
"891","MT",12385,"C",1,12,1,0,0,5,497,5,0,0,0.0379735781204648,0.150806849478198,"donor_vs_cfDNA"
"901","MT",12395,"T",2,0,0,17,0,2,0,4,492,0,0.0146709062441843,0.137856877889908,"donor_vs_cfDNA"
"911","MT",12410,"A",15,0,1,1,0,501,5,3,3,0,0.033330540051861,0.122282592779558,"donor_vs_cfDNA"
"921","MT",12644,"T",1,0,0,10,0,0,0,0,576,0,0.0187393526405451,0.128564869306645,"donor_vs_cfDNA"
"931","MT",12825,"T",2,0,0,14,0,0,0,0,508,0,0.000875746208748704,0.176776695296637,"donor_vs_cfDNA"
"941","MT",13057,"A",13,0,0,1,0,400,44,0,1,0,0.0443115399559701,0.124275505298193,"donor_vs_cfDNA"
"951","MT",13062,"A",11,0,2,0,0,426,7,1,0,0,0.00397811304434792,0.20386711098217,"donor_vs_cfDNA"
"961","MT",13095,"T",0,1,0,12,0,3,0,0,438,0,0.030818459688951,0.104308681709134,"donor_vs_cfDNA"
"971","MT",13105,"A",12,0,1,0,0,442,0,0,0,0,0.0285714285714286,0.108785658644084,"donor_vs_cfDNA"
"981","MT",13114,"C",0,11,1,0,0,0,443,0,0,0,0.0263736263736264,0.117851130197758,"donor_vs_cfDNA"
"991","MT",13138,"G",0,0,8,1,0,0,0,440,1,0,0.0396436525612472,0.153928006788908,"donor_vs_cfDNA"
"1001","MT",13752,"T",1,0,0,10,0,0,0,3,356,0,0.032049118858311,0.123082156902298,"donor_vs_cfDNA"
"1011","MT",13753,"T",1,0,0,10,0,0,0,0,353,0,0.0302197802197802,0.128564869306645,"donor_vs_cfDNA"
"1021","MT",13863,"C",1,8,0,0,0,1,497,0,0,0,0.0352223027808312,0.154295053993852,"donor_vs_cfDNA"
"1031","MT",13892,"C",0,13,1,0,0,0,509,0,0,0,0.0267686424474187,0.101015254455221,"donor_vs_cfDNA"
"1041","MT",14004,"C",1,12,0,0,0,0,506,0,1,0,0.0494219653179093,0.10741813652221,"donor_vs_cfDNA"
"1051","MT",14148,"A",11,0,0,1,0,499,0,1,0,0,0.0463704745597182,0.116462678809804,"donor_vs_cfDNA"
"1061","MT",14287,"T",0,1,0,6,0,0,1,4,430,0,0.0327031471410277,0.192606847795266,"donor_vs_cfDNA"
"1071","MT",14291,"T",0,0,1,8,0,1,0,0,438,0,0.0398190316395076,0.155549139371341,"donor_vs_cfDNA"
"1081","MT",14488,"T",0,0,1,8,0,0,0,0,442,0,0.0199556541019956,0.157134840263677,"donor_vs_cfDNA"
"1091","MT",14494,"T",1,0,0,8,0,1,0,5,431,0,0.0433999323232712,0.1464800134869,"donor_vs_cfDNA"
"1101","MT",14521,"C",1,9,0,0,0,1,413,0,0,0,0.0466680048173424,0.138005381448969,"donor_vs_cfDNA"
"1111","MT",14540,"T",1,0,0,7,0,0,0,0,400,0,0.0196078431372549,0.176776695296637,"donor_vs_cfDNA"
"1121","MT",14550,"T",1,0,0,7,0,0,0,0,412,0,0.019047619047619,0.176776695296637,"donor_vs_cfDNA"
"1131","MT",14560,"G",0,1,9,0,0,0,0,412,0,0,0.023696682464455,0.14142135623731,"donor_vs_cfDNA"
"1141","MT",14613,"A",9,1,0,0,0,440,0,0,0,0,0.0222222222222222,0.14142135623731,"donor_vs_cfDNA"
"1151","MT",14800,"C",0,19,0,3,0,0,479,0,3,0,0.00133173782851563,0.18404514485806,"donor_vs_cfDNA"
"1161","MT",14950,"C",0,13,0,2,0,0,507,1,0,0,0.000769213863431793,0.187185392560033,"donor_vs_cfDNA"
"1171","MT",14956,"T",0,2,0,12,0,1,0,0,514,0,0.000651601076931818,0.200671578149674,"donor_vs_cfDNA"
"1181","MT",14969,"T",0,1,0,12,0,3,0,0,523,0,0.0256779440882222,0.104985370534236,"donor_vs_cfDNA"
"1191","MT",15210,"A",7,0,0,1,0,540,0,0,1,0,0.0289577599617087,0.174162622168406,"donor_vs_cfDNA"
"1201","MT",15318,"C",1,11,0,0,0,0,528,0,0,0,0.0222222222222222,0.117851130197758,"donor_vs_cfDNA"
"1211","MT",15320,"C",1,12,0,0,0,1,533,0,0,0,0.0470096630974144,0.10613731863964,"donor_vs_cfDNA"
"1221","MT",15321,"T",2,0,0,11,0,4,0,0,527,0,0.00750178778237415,0.206918107778767,"donor_vs_cfDNA"
"1231","MT",15342,"T",1,0,0,13,0,0,0,0,523,0,0.0260707635009311,0.101015254455221,"donor_vs_cfDNA"
"1241","MT",15392,"G",2,0,8,0,0,0,2,519,1,0,0.000655852176893827,0.27884140400743,"donor_vs_cfDNA"
"1251","MT",15419,"A",13,0,0,1,0,498,0,0,0,0,0.02734375,0.101015254455221,"donor_vs_cfDNA"
"1261","MT",15473,"A",7,1,0,0,0,524,0,0,0,0,0.0150375939849624,0.176776695296637,"donor_vs_cfDNA"
"1271","MT",15484,"A",6,0,0,1,0,502,0,0,2,0,0.0406139924549091,0.196418550329597,"donor_vs_cfDNA"
"1281","MT",15503,"C",0,6,1,0,0,1,491,0,0,0,0.0278870995002013,0.200608745361317,"donor_vs_cfDNA"
"1291","MT",15854,"T",1,0,0,9,0,0,0,0,466,0,0.0210084033613445,0.14142135623731,"donor_vs_cfDNA"
"1301","MT",15952,"C",0,8,1,0,0,0,501,0,0,0,0.0176470588235294,0.157134840263677,"donor_vs_cfDNA"
"1311","MT",16240,"A",7,0,0,1,0,418,0,1,0,0,0.0371628679178931,0.17511348703212,"donor_vs_cfDNA"
"1321","MT",16381,"T",1,0,0,9,0,0,0,1,511,0,0.0379832476595887,0.140060716814285,"donor_vs_cfDNA"
"136","MT",64,"C",1,415,1,0,0,1,5,0,646,0,4.16788827407705e-298,1.39889667192084,"donor_vs_recipient"
"212","MT",73,"A",438,0,0,0,0,3,0,676,0,0,7.83224234956055e-317,1.40796519611813,"donor_vs_recipient"
"312","MT",146,"T",0,0,0,478,0,1,671,0,1,0,0,1.41106269970655,"donor_vs_recipient"
"412","MT",152,"T",0,466,0,0,0,0,1,1,646,0,0,1.41094118577674,"donor_vs_recipient"
"512","MT",153,"A",463,0,0,0,0,0,0,658,0,0,0,1.4142135623731,"donor_vs_recipient"
"612","MT",235,"A",406,0,0,0,0,3,1,602,0,0,4.39784542021381e-288,1.40604711476113,"donor_vs_recipient"
"712","MT",515,"A",266,6,0,0,0,52,4,19,1,0,1.28410882121322e-15,0.387150511310669,"donor_vs_recipient"
"812","MT",663,"A",454,0,0,0,0,7,5,691,0,0,9.53546696473606e-321,1.39512976273517,"donor_vs_recipient"
"912","MT",1736,"A",517,0,0,2,0,5,1,733,1,0,0,1.40002520905373,"donor_vs_recipient"
"1012","MT",2706,"A",550,0,1,3,0,0,0,836,0,0,0,1.40784735401836,"donor_vs_recipient"
"1112","MT",4248,"T",1,0,0,432,0,1,618,0,7,0,3.73009160488323e-295,1.39563734052971,"donor_vs_recipient"
"1212","MT",4812,"G",0,387,0,0,0,0,1,591,0,0,7.16148192823841e-282,1.41182468811233,"donor_vs_recipient"
"137","MT",4824,"A",417,0,0,0,0,4,0,614,1,0,2.80985716890054e-293,1.40393392100942,"donor_vs_recipient"
"142","MT",6776,"T",0,459,0,2,0,0,0,1,611,0,3.22265858572554e-312,1.40692416565151,"donor_vs_recipient"
"152","MT",7028,"C",1,428,0,0,0,0,0,1,626,0,1.33378868701949e-308,1.41144045471528,"donor_vs_recipient"
"162","MT",8027,"G",0,0,526,0,0,761,1,2,1,0,0,1.40867005287583,"donor_vs_recipient"
"172","MT",8794,"C",0,323,1,0,0,0,5,0,449,0,3.70592581917584e-218,1.39646121095165,"donor_vs_recipient"
"182","MT",11380,"A",521,0,0,1,0,5,0,731,0,0,0,1.40325348407143,"donor_vs_recipient"
"192","MT",11719,"G",0,1,486,1,0,768,2,5,1,0,0,1.39947003868595,"donor_vs_recipient"
"202","MT",12007,"G",2,0,464,2,0,752,1,6,1,0,0,1.3921266875324,"donor_vs_recipient"
"213","MT",12705,"C",4,575,1,3,0,4,7,0,818,0,0,1.38552367784799,"donor_vs_recipient"
"222","MT",14745,"C",3,451,0,0,0,2,3,0,753,0,0,1.40208661048115,"donor_vs_recipient"
"232","MT",14766,"C",0,488,0,0,0,5,2,0,738,0,0,1.40569536542761,"donor_vs_recipient"
"242","MT",16111,"C",0,487,1,0,0,3,4,0,720,0,0,1.40207391042597,"donor_vs_recipient"
"252","MT",16223,"C",2,421,0,0,0,1,3,1,644,0,1.60118258799268e-303,1.40215895811482,"donor_vs_recipient"
"262","MT",16290,"C",0,470,0,0,0,0,2,0,676,0,0,1.41004184095017,"donor_vs_recipient"
"272","MT",16319,"G",0,0,487,2,0,708,3,8,3,0,0,1.38978473691936,"donor_vs_recipient"
"282","MT",16362,"T",2,0,0,495,0,0,727,2,14,0,0,1.38282611354794,"donor_vs_recipient"
